topic+cat+adver sample10

k         lamba	     eta    best_va_logloss(*)    iteration    tr_logloss     Note
-----------------------------------------------------------------------------------
4         0.00002    0.2       0.45918            20        0.45583
10        0.00002    0.2       0.45831            7         0.45349
15        0.00002    0.2       0.45811            5         0.45330
20        0.00002    0.2       0.45801            4         0.45380
25        0.00002    0.2       0.45808            4         0.45306

20        0.00005    0.2       0.45863            5         0.45373      
20        0.00001    0.2       0.45781            4         0.45331   
20        0.000005   0.2       0.45772            4         0.45306      
20        0.000002   0.2       0.45768            4         0.45291      
20        0.000001   0.2       0.45766            4         0.45286      
20        0.0000005  0.2       0.45765            4         0.45283      
20        0.0000001  0.2       0.45765            4         0.45281      

20        0.0000005  0.1       0.45717            9         0.45112   
20        0.0000005  0.05      0.45703           24         0.45071         BEST
20        0.0000005  0.02      0.45719          100         0.45123      
20        0.0000005  0.01      0.45896*         100         0.45672   


best_va_logloss(*): until 100 iterations; if iteration=100, the logloss can improve after 100.



topic+cat+adver+camp sample10

k         lamba	     eta    best_va_logloss(*)    iteration    tr_logloss
-------------------------------------------------------------------------------
4         0.00002    0.2     0.44398                9      0.43276     
10        0.00002    0.2     0.44326                3      0.43822     
20        0.00002    0.2     0.44359                3      0.43679      


10        0.00005    0.2     0.44338                4      0.43603      
10        0.00001    0.2     0.44321                3      0.43793      
10        0.000005   0.2     0.44321                3      0.43778        
10        0.000001   0.2     0.44322                3      0.43764     

10        0.000005   0.1     0.44285                6      0.43544     
10        0.000005   0.05    0.44287                15     0.43426    
10        0.000005   0.02    0.44299                70     0.43285      


20        0.000005   0.1     0.44284                5      0.43455     
20        0.0000005  0.05    0.44269                11     0.43313    

30        0.0000005  0.05    0.44266                9      0.43340     BEST

40        0.0000005  0.05    0.44267                8      0.43348      





ffm-predict ../test_topic_cat_adver_camp_ffm.csv sample10_topic_cat_adver_camp_t9k30l5e7r5e2_model ../test_topic_cat_adver_camp_ffm_output.csv

logloss = 0.38394
